# Job started on: Wed Oct  9 12:45:45 CEST 2013 ..........
# FONLL heavy quark hadroproduction cross section
# FONLL version and perturbative order: ## FONLL v1.3.2 fonll [ds/dpt^2dy (pb/GeV^2)]
# quark = charm
# final state = meson (meson = D0). NP params (cm,lm,hm) = 0.1, 0.06, 0.135
# BR(q->meson) = 0.56
# ebeam1 = 3500, ebeam2 = 3500
# PDF set = CTEQ6.6
# ptmin = 0.125
# ptmax = 50.125
# ymin  = -0.5
# ymax  = 0.5
# Uncertainties from scales, masses combined quadratically
# cross section is ds/dpt (pb/GeV)
#  pt      central      min       max       min_sc     max_sc     min_mass   max_mass   fr=.5 .5     fr=2 2     fr=2 1     fr=1 2    fr=1 .5    fr=.5 1
   0.1250 1.9898e+07 7.7622e+06 6.9804e+07 9.8722e+06 6.9792e+07 1.3060e+07 2.0964e+07 6.5357e+07 4.8605e+07 6.7627e+07 9.8722e+06 6.9792e+07 1.3920e+07
   0.3750 5.0688e+07 2.3712e+07 1.5920e+08 2.5494e+07 1.5920e+08 4.1045e+07 5.0688e+07 1.1345e+08 1.0786e+08 1.4166e+08 2.6317e+07 1.5920e+08 2.5494e+07
   0.6250 7.8311e+07 2.4826e+07 2.2310e+08 2.5563e+07 2.2310e+08 6.9468e+07 7.8311e+07 1.0490e+08 1.4474e+08 1.9409e+08 4.1959e+07 2.2310e+08 2.5563e+07
   0.8750 1.0160e+08 2.0544e+07 2.7019e+08 2.2536e+07 2.6947e+08 8.3740e+07 1.1713e+08 8.3892e+07 1.6457e+08 2.3450e+08 5.5689e+07 2.6947e+08 2.2536e+07
   1.1250 1.1555e+08 1.6830e+07 2.9301e+08 1.9870e+07 2.9061e+08 9.1242e+07 1.4466e+08 6.6290e+07 1.6790e+08 2.5244e+08 6.4303e+07 2.9061e+08 1.9870e+07
   1.3750 1.1803e+08 1.4535e+07 2.8601e+08 1.7984e+07 2.8235e+08 9.1536e+07 1.5291e+08 5.3717e+07 1.5659e+08 2.4211e+08 6.6804e+07 2.8235e+08 1.7984e+07
   1.6250 1.1173e+08 1.3889e+07 2.5928e+08 1.7239e+07 2.5511e+08 8.6344e+07 1.4654e+08 4.6480e+07 1.3724e+08 2.1498e+08 6.4336e+07 2.5511e+08 1.7239e+07
   1.8750 1.0024e+08 1.5391e+07 2.2327e+08 1.8396e+07 2.1927e+08 7.7859e+07 1.3134e+08 4.5729e+07 1.1560e+08 1.8149e+08 5.8744e+07 2.1927e+08 1.8396e+07
   2.1250 8.6904e+07 1.8152e+07 1.8633e+08 2.0775e+07 1.8281e+08 6.8094e+07 1.1312e+08 4.8576e+07 9.5276e+07 1.4900e+08 5.1816e+07 1.8281e+08 2.0775e+07
   2.3750 7.3765e+07 1.9774e+07 1.5273e+08 2.2011e+07 1.4976e+08 5.8383e+07 9.5192e+07 4.8902e+07 7.7675e+07 1.2060e+08 4.4722e+07 1.4976e+08 2.2011e+07
   2.6250 6.1845e+07 1.9656e+07 1.2402e+08 2.1517e+07 1.2159e+08 4.9452e+07 7.9064e+07 4.5842e+07 6.3036e+07 9.6989e+07 3.8096e+07 1.2159e+08 2.1517e+07
   2.8750 5.1508e+07 1.8548e+07 1.0035e+08 2.0075e+07 9.8378e+07 4.1591e+07 6.5244e+07 4.1276e+07 5.1124e+07 7.7893e+07 3.2209e+07 9.8378e+07 2.0075e+07
   3.1250 4.2778e+07 1.7058e+07 8.1123e+07 1.8311e+07 7.9533e+07 3.4848e+07 5.3705e+07 3.6467e+07 4.1547e+07 6.2646e+07 2.7125e+07 7.9533e+07 1.8311e+07
   3.3750 3.5490e+07 1.5388e+07 6.5670e+07 1.6414e+07 6.4389e+07 2.9148e+07 4.4191e+07 3.1778e+07 3.3879e+07 5.0558e+07 2.2799e+07 6.4389e+07 1.6414e+07
   3.6250 2.9454e+07 1.3723e+07 5.3327e+07 1.4562e+07 5.2293e+07 2.4384e+07 3.6403e+07 2.7479e+07 2.7742e+07 4.0997e+07 1.9165e+07 5.2293e+07 1.4562e+07
   3.8750 2.4482e+07 1.2145e+07 4.3465e+07 1.2831e+07 4.2631e+07 2.0426e+07 3.0046e+07 2.3653e+07 2.2822e+07 3.3418e+07 1.6126e+07 4.2631e+07 1.2831e+07
   4.1250 2.0408e+07 1.0685e+07 3.5561e+07 1.1247e+07 3.4889e+07 1.7151e+07 2.4870e+07 2.0301e+07 1.8873e+07 2.7384e+07 1.3593e+07 3.4889e+07 1.1247e+07
   4.3750 1.7074e+07 9.3689e+06 2.9194e+07 9.8313e+06 2.8653e+07 1.4444e+07 2.0654e+07 1.7405e+07 1.5689e+07 2.2551e+07 1.1487e+07 2.8653e+07 9.8313e+06
   4.6250 1.4340e+07 8.2006e+06 2.4071e+07 8.5832e+06 2.3634e+07 1.2207e+07 1.7222e+07 1.4924e+07 1.3108e+07 1.8665e+07 9.7392e+06 2.3634e+07 8.5832e+06
   4.8750 1.2095e+07 7.1742e+06 1.9984e+07 7.4915e+06 1.9630e+07 1.0357e+07 1.4431e+07 1.2812e+07 1.1007e+07 1.5544e+07 8.2878e+06 1.9630e+07 7.4915e+06
   5.1250 1.0241e+07 6.2790e+06 1.6683e+07 6.5421e+06 1.6395e+07 8.8213e+06 1.2145e+07 1.1017e+07 9.2834e+06 1.3012e+07 7.0793e+06 1.6395e+07 6.5421e+06
   5.3750 8.7014e+06 5.5009e+06 1.3985e+07 5.7186e+06 1.3751e+07 7.5412e+06 1.0257e+07 9.4926e+06 7.8616e+06 1.0940e+07 6.0694e+06 1.3751e+07 5.7186e+06
   5.6250 7.4221e+06 4.8244e+06 1.1774e+07 5.0050e+06 1.1583e+07 6.4705e+06 8.6974e+06 8.1973e+06 6.6864e+06 9.2379e+06 5.2222e+06 1.1583e+07 5.0050e+06
   5.8750 6.3598e+06 4.2355e+06 9.9637e+06 4.3868e+06 9.8066e+06 5.5725e+06 7.4126e+06 7.0957e+06 5.7146e+06 7.8415e+06 4.5089e+06 9.8066e+06 4.3868e+06
   6.1250 5.4713e+06 3.7233e+06 8.4717e+06 3.8510e+06 8.3415e+06 4.8155e+06 6.3455e+06 6.1559e+06 4.9049e+06 6.6868e+06 3.9056e+06 8.3415e+06 3.8510e+06
   6.3750 4.7231e+06 3.2777e+06 7.2332e+06 3.3859e+06 7.1249e+06 4.1743e+06 5.4527e+06 5.3514e+06 4.2256e+06 5.7255e+06 3.3933e+06 7.1249e+06 3.3859e+06
   6.6250 4.0895e+06 2.8662e+06 6.1988e+06 2.9563e+06 6.1083e+06 3.6287e+06 4.7010e+06 4.6606e+06 3.6521e+06 4.9200e+06 2.9563e+06 6.1083e+06 2.9817e+06
   6.8750 3.5528e+06 2.5092e+06 5.3326e+06 2.5840e+06 5.2567e+06 3.1648e+06 4.0670e+06 4.0697e+06 3.1679e+06 4.2440e+06 2.5840e+06 5.2567e+06 2.6311e+06
   7.1250 3.0971e+06 2.2036e+06 4.6048e+06 2.2658e+06 4.5409e+06 2.7694e+06 3.5312e+06 3.5638e+06 2.7580e+06 3.6750e+06 2.2658e+06 4.5409e+06 2.3266e+06
   7.3750 2.7085e+06 1.9408e+06 3.9905e+06 1.9928e+06 3.9366e+06 2.4308e+06 3.0762e+06 3.1288e+06 2.4093e+06 3.1937e+06 1.9928e+06 3.9366e+06 2.0612e+06
   7.6250 2.3756e+06 1.7137e+06 3.4698e+06 1.7573e+06 3.4242e+06 2.1395e+06 2.6882e+06 2.7530e+06 2.1112e+06 2.7848e+06 1.7573e+06 3.4242e+06 1.8292e+06
   7.8750 2.0893e+06 1.5167e+06 3.0267e+06 1.5534e+06 2.9879e+06 1.8878e+06 2.3561e+06 2.4272e+06 1.8553e+06 2.4358e+06 1.5534e+06 2.9879e+06 1.6258e+06
   8.1250 1.8421e+06 1.3453e+06 2.6482e+06 1.3762e+06 2.6151e+06 1.6695e+06 2.0708e+06 2.1439e+06 1.6348e+06 2.1368e+06 1.3762e+06 2.6151e+06 1.4471e+06
   8.3750 1.6287e+06 1.1962e+06 2.3241e+06 1.2224e+06 2.2957e+06 1.4804e+06 1.8253e+06 1.8982e+06 1.4446e+06 1.8801e+06 1.2224e+06 2.2957e+06 1.2909e+06
   8.6250 1.4439e+06 1.0663e+06 2.0457e+06 1.0886e+06 2.0213e+06 1.3161e+06 1.6134e+06 1.6847e+06 1.2800e+06 1.6591e+06 1.0886e+06 2.0213e+06 1.1541e+06
   8.8750 1.2833e+06 9.5275e+05 1.8056e+06 9.7174e+05 1.7846e+06 1.1729e+06 1.4300e+06 1.4986e+06 1.1371e+06 1.4680e+06 9.7174e+05 1.7846e+06 1.0339e+06
   9.1250 1.1432e+06 8.5311e+05 1.5980e+06 8.6934e+05 1.5798e+06 1.0476e+06 1.2705e+06 1.3359e+06 1.0127e+06 1.3024e+06 8.6934e+05 1.5798e+06 9.2799e+05
   9.3750 1.0208e+06 7.6544e+05 1.4179e+06 7.7935e+05 1.4021e+06 9.3767e+05 1.1316e+06 1.1933e+06 9.0395e+05 1.1583e+06 7.7935e+05 1.4021e+06 8.3435e+05
   9.6250 9.1344e+05 6.8808e+05 1.2611e+06 7.0005e+05 1.2474e+06 8.4097e+05 1.0102e+06 1.0680e+06 8.0869e+05 1.0326e+06 7.0005e+05 1.2474e+06 7.5134e+05
   9.8750 8.1905e+05 6.1967e+05 1.1243e+06 6.3000e+05 1.1124e+06 7.5570e+05 9.0377e+05 9.5761e+05 7.2500e+05 9.2270e+05 6.3000e+05 1.1124e+06 6.7763e+05
  10.1250 7.3595e+05 5.5914e+05 1.0047e+06 5.6808e+05 9.9419e+05 6.8044e+05 8.1035e+05 8.6039e+05 6.5136e+05 8.2632e+05 5.6808e+05 9.9419e+05 6.1231e+05
  10.3750 6.6262e+05 5.0547e+05 8.9978e+05 5.1322e+05 8.9055e+05 6.1386e+05 7.2812e+05 7.7460e+05 5.8640e+05 7.4161e+05 5.1322e+05 8.9055e+05 5.5430e+05
  10.6250 5.9775e+05 4.5777e+05 8.0754e+05 4.6452e+05 7.9941e+05 5.5483e+05 6.5557e+05 6.9870e+05 5.2896e+05 6.6698e+05 4.6452e+05 7.9941e+05 5.0267e+05
  10.8750 5.4025e+05 4.1530e+05 7.2624e+05 4.2117e+05 7.1906e+05 5.0237e+05 5.9141e+05 6.3140e+05 4.7806e+05 6.0105e+05 4.2117e+05 7.1906e+05 4.5661e+05
  11.1250 4.8916e+05 3.7738e+05 6.5442e+05 3.8252e+05 6.4807e+05 4.5566e+05 5.3453e+05 5.7160e+05 4.3284e+05 5.4268e+05 3.8252e+05 6.4807e+05 4.1544e+05
  11.3750 4.4366e+05 3.4348e+05 5.9083e+05 3.4798e+05 5.8519e+05 4.1397e+05 4.8401e+05 5.1833e+05 3.9258e+05 4.9090e+05 3.4798e+05 5.8519e+05 3.7855e+05
  11.6250 4.0307e+05 3.1309e+05 5.3440e+05 3.1705e+05 5.2938e+05 3.7668e+05 4.3902e+05 4.7080e+05 3.5668e+05 4.4485e+05 3.1705e+05 5.2938e+05 3.4544e+05
  11.8750 3.6678e+05 2.8581e+05 4.8423e+05 2.8930e+05 4.7975e+05 3.4328e+05 3.9890e+05 4.2829e+05 3.2458e+05 4.0382e+05 2.8930e+05 4.7975e+05 3.1566e+05
  12.1250 3.3428e+05 2.6129e+05 4.3952e+05 2.6437e+05 4.3552e+05 3.1332e+05 3.6304e+05 3.9022e+05 2.9585e+05 3.6719e+05 2.6437e+05 4.3552e+05 2.8884e+05
  12.3750 3.0514e+05 2.3922e+05 3.9961e+05 2.4194e+05 3.9602e+05 2.8639e+05 3.3093e+05 3.5608e+05 2.7007e+05 3.3443e+05 2.4194e+05 3.9602e+05 2.6467e+05
  12.6250 2.7894e+05 2.1931e+05 3.6392e+05 2.2173e+05 3.6069e+05 2.6215e+05 3.0212e+05 3.2539e+05 2.4691e+05 3.0507e+05 2.2173e+05 3.6069e+05 2.4284e+05
  12.8750 2.5537e+05 2.0134e+05 3.3193e+05 2.0348e+05 3.2903e+05 2.4030e+05 2.7624e+05 2.9777e+05 2.2607e+05 2.7871e+05 2.0348e+05 3.2903e+05 2.2311e+05
  13.1250 2.3411e+05 1.8507e+05 3.0321e+05 1.8698e+05 3.0059e+05 2.2056e+05 2.5294e+05 2.7287e+05 2.0727e+05 2.5501e+05 1.8698e+05 3.0059e+05 2.0523e+05
  13.3750 2.1491e+05 1.7034e+05 2.7738e+05 1.7204e+05 2.7502e+05 2.0271e+05 2.3193e+05 2.5038e+05 1.9030e+05 2.3365e+05 1.7204e+05 2.7502e+05 1.8902e+05
  13.6250 1.9754e+05 1.5697e+05 2.5411e+05 1.5849e+05 2.5197e+05 1.8654e+05 2.1295e+05 2.3004e+05 1.7494e+05 2.1438e+05 1.5849e+05 2.5197e+05 1.7430e+05
  13.8750 1.8181e+05 1.4482e+05 2.3312e+05 1.4618e+05 2.3118e+05 1.7186e+05 1.9578e+05 2.1163e+05 1.6103e+05 1.9696e+05 1.4618e+05 2.3118e+05 1.6090e+05
  14.1250 1.6754e+05 1.3377e+05 2.1414e+05 1.3499e+05 2.1238e+05 1.5853e+05 1.8023e+05 1.9492e+05 1.4841e+05 1.8119e+05 1.3499e+05 2.1238e+05 1.4871e+05
  14.3750 1.5458e+05 1.2369e+05 1.9697e+05 1.2479e+05 1.9537e+05 1.4641e+05 1.6612e+05 1.7975e+05 1.3694e+05 1.6689e+05 1.2479e+05 1.9537e+05 1.3758e+05
  14.6250 1.4278e+05 1.1451e+05 1.8141e+05 1.1550e+05 1.7995e+05 1.3536e+05 1.5331e+05 1.6595e+05 1.2651e+05 1.5392e+05 1.1550e+05 1.7995e+05 1.2743e+05
  14.8750 1.3204e+05 1.0611e+05 1.6728e+05 1.0701e+05 1.6595e+05 1.2529e+05 1.4164e+05 1.5339e+05 1.1701e+05 1.4212e+05 1.0701e+05 1.6595e+05 1.1815e+05
  15.1250 1.2224e+05 9.8439e+04 1.5444e+05 9.9247e+04 1.5322e+05 1.1609e+05 1.3102e+05 1.4193e+05 1.0834e+05 1.3137e+05 9.9247e+04 1.5322e+05 1.0965e+05
  15.3750 1.1328e+05 9.1412e+04 1.4274e+05 9.2143e+04 1.4162e+05 1.0767e+05 1.2132e+05 1.3146e+05 1.0042e+05 1.2158e+05 9.2143e+04 1.4162e+05 1.0186e+05
  15.6250 1.0509e+05 8.4970e+04 1.3208e+05 8.5633e+04 1.3105e+05 9.9971e+04 1.1246e+05 1.2189e+05 9.3170e+04 1.1263e+05 8.5633e+04 1.3105e+05 9.4722e+04
  15.8750 9.7597e+04 7.9057e+04 1.2235e+05 7.9659e+04 1.2141e+05 9.2911e+04 1.0436e+05 1.1313e+05 8.6535e+04 1.0446e+05 7.9659e+04 1.2141e+05 8.8162e+04
  16.1250 9.0724e+04 7.3625e+04 1.1345e+05 7.4172e+04 1.1259e+05 8.6432e+04 9.6939e+04 1.0511e+05 8.0452e+04 9.6976e+04 7.4172e+04 1.1259e+05 8.2131e+04
  16.3750 8.4416e+04 6.8628e+04 1.0531e+05 6.9127e+04 1.0452e+05 8.0480e+04 9.0135e+04 9.7744e+04 7.4868e+04 9.0120e+04 6.9127e+04 1.0452e+05 7.6581e+04
  16.6250 7.8620e+04 6.4028e+04 9.7856e+04 6.4482e+04 9.7120e+04 7.5006e+04 8.3890e+04 9.0982e+04 6.9738e+04 8.3830e+04 6.4482e+04 9.7120e+04 7.1468e+04
  16.8750 7.3290e+04 5.9787e+04 9.1016e+04 6.0202e+04 9.0336e+04 6.9967e+04 7.8151e+04 8.4764e+04 6.5018e+04 7.8053e+04 6.0202e+04 9.0336e+04 6.6752e+04
  17.1250 6.8382e+04 5.5875e+04 8.4734e+04 5.6254e+04 8.4106e+04 6.5323e+04 7.2871e+04 7.9043e+04 6.0672e+04 7.2742e+04 5.6254e+04 8.4106e+04 6.2400e+04
  17.3750 6.3858e+04 5.2262e+04 7.8961e+04 5.2609e+04 7.8379e+04 6.1039e+04 6.8009e+04 7.3772e+04 5.6665e+04 6.7854e+04 5.2609e+04 7.8379e+04 5.8379e+04
  17.6250 5.9684e+04 4.8922e+04 7.3647e+04 4.9241e+04 7.3108e+04 5.7084e+04 6.3528e+04 6.8912e+04 5.2968e+04 6.3351e+04 4.9241e+04 7.3108e+04 5.4660e+04
  17.8750 5.5830e+04 4.5831e+04 6.8752e+04 4.6124e+04 6.8252e+04 5.3427e+04 5.9392e+04 6.4426e+04 4.9554e+04 5.9197e+04 4.6124e+04 6.8252e+04 5.1219e+04
  18.1250 5.2266e+04 4.2969e+04 6.4237e+04 4.3238e+04 6.3772e+04 5.0044e+04 5.5570e+04 6.0280e+04 4.6396e+04 5.5361e+04 4.3238e+04 6.3772e+04 4.8030e+04
  18.3750 4.8968e+04 4.0315e+04 6.0069e+04 4.0563e+04 5.9637e+04 4.6911e+04 5.2037e+04 5.6446e+04 4.3474e+04 5.1816e+04 4.0563e+04 5.9637e+04 4.5073e+04
  18.6250 4.5913e+04 3.7853e+04 5.6217e+04 3.8081e+04 5.5815e+04 4.4007e+04 4.8766e+04 5.2897e+04 4.0767e+04 4.8536e+04 3.8081e+04 5.5815e+04 4.2329e+04
  18.8750 4.3081e+04 3.5566e+04 5.2654e+04 3.5777e+04 5.2279e+04 4.1313e+04 4.5736e+04 4.9608e+04 3.8257e+04 4.5499e+04 3.5777e+04 5.2279e+04 3.9779e+04
  19.1250 4.0453e+04 3.3441e+04 4.9355e+04 3.3636e+04 4.9005e+04 3.8812e+04 4.2926e+04 4.6558e+04 3.5927e+04 4.2685e+04 3.3636e+04 4.9005e+04 3.7409e+04
  19.3750 3.8013e+04 3.1464e+04 4.6298e+04 3.1644e+04 4.5971e+04 3.6487e+04 4.0318e+04 4.3726e+04 3.3764e+04 4.0073e+04 3.1644e+04 4.5971e+04 3.5204e+04
  19.6250 3.5744e+04 2.9624e+04 4.3462e+04 2.9791e+04 4.3156e+04 3.4325e+04 3.7895e+04 4.1096e+04 3.1752e+04 3.7649e+04 2.9791e+04 4.3156e+04 3.3151e+04
  19.8750 3.3634e+04 2.7909e+04 4.0829e+04 2.8064e+04 4.0543e+04 3.2312e+04 3.5643e+04 3.8650e+04 2.9881e+04 3.5396e+04 2.8064e+04 4.0543e+04 3.1237e+04
  20.1250 3.1670e+04 2.6311e+04 3.8383e+04 2.6454e+04 3.8115e+04 3.0438e+04 3.3548e+04 3.6375e+04 2.8139e+04 3.3301e+04 2.6454e+04 3.8115e+04 2.9453e+04
  20.3750 2.9839e+04 2.4820e+04 3.6109e+04 2.4953e+04 3.5857e+04 2.8690e+04 3.1596e+04 3.4256e+04 2.6516e+04 3.1351e+04 2.4953e+04 3.5857e+04 2.7788e+04
  20.6250 2.8133e+04 2.3427e+04 3.3992e+04 2.3551e+04 3.3756e+04 2.7060e+04 2.9778e+04 3.2281e+04 2.5002e+04 2.9535e+04 2.3551e+04 3.3756e+04 2.6232e+04
  20.8750 2.6541e+04 2.2126e+04 3.2021e+04 2.2241e+04 3.1799e+04 2.5538e+04 2.8083e+04 3.0439e+04 2.3590e+04 2.7842e+04 2.2241e+04 3.1799e+04 2.4779e+04
  21.1250 2.5054e+04 2.0910e+04 3.0183e+04 2.1017e+04 2.9975e+04 2.4116e+04 2.6500e+04 2.8721e+04 2.2271e+04 2.6262e+04 2.1017e+04 2.9975e+04 2.3420e+04
  21.3750 2.3665e+04 1.9771e+04 2.8469e+04 1.9872e+04 2.8273e+04 2.2787e+04 2.5022e+04 2.7116e+04 2.1038e+04 2.4788e+04 1.9872e+04 2.8273e+04 2.2148e+04
  21.6250 2.2366e+04 1.8706e+04 2.6869e+04 1.8800e+04 2.6685e+04 2.1544e+04 2.3641e+04 2.5615e+04 1.9885e+04 2.3410e+04 1.8800e+04 2.6685e+04 2.0957e+04
  21.8750 2.1150e+04 1.7708e+04 2.5375e+04 1.7795e+04 2.5201e+04 2.0380e+04 2.2350e+04 2.4212e+04 1.8806e+04 2.2123e+04 1.7795e+04 2.5201e+04 1.9841e+04
  22.1250 2.0012e+04 1.6771e+04 2.3978e+04 1.6853e+04 2.3814e+04 1.9289e+04 2.1140e+04 2.2899e+04 1.7796e+04 2.0918e+04 1.6853e+04 2.3814e+04 1.8794e+04
  22.3750 1.8946e+04 1.5893e+04 2.2670e+04 1.5970e+04 2.2516e+04 1.8267e+04 2.0008e+04 2.1668e+04 1.6849e+04 1.9790e+04 1.5970e+04 2.2516e+04 1.7812e+04
  22.6250 1.7946e+04 1.5069e+04 2.1447e+04 1.5140e+04 2.1301e+04 1.7308e+04 1.8946e+04 2.0516e+04 1.5961e+04 1.8733e+04 1.5140e+04 2.1301e+04 1.6889e+04
  22.8750 1.7007e+04 1.4294e+04 2.0300e+04 1.4361e+04 2.0162e+04 1.6407e+04 1.7950e+04 1.9434e+04 1.5128e+04 1.7742e+04 1.4361e+04 2.0162e+04 1.6023e+04
  23.1250 1.6126e+04 1.3566e+04 1.9225e+04 1.3629e+04 1.9095e+04 1.5562e+04 1.7016e+04 1.8420e+04 1.4346e+04 1.6812e+04 1.3629e+04 1.9095e+04 1.5208e+04
  23.3750 1.5298e+04 1.2882e+04 1.8217e+04 1.2941e+04 1.8094e+04 1.4767e+04 1.6138e+04 1.7467e+04 1.3611e+04 1.5940e+04 1.2941e+04 1.8094e+04 1.4442e+04
  23.6250 1.4521e+04 1.2237e+04 1.7271e+04 1.2293e+04 1.7154e+04 1.4020e+04 1.5314e+04 1.6572e+04 1.2920e+04 1.5120e+04 1.2293e+04 1.7154e+04 1.3721e+04
  23.8750 1.3789e+04 1.1631e+04 1.6382e+04 1.1683e+04 1.6272e+04 1.3317e+04 1.4539e+04 1.5730e+04 1.2270e+04 1.4350e+04 1.1683e+04 1.6272e+04 1.3042e+04
  24.1250 1.3100e+04 1.1059e+04 1.5547e+04 1.1108e+04 1.5442e+04 1.2656e+04 1.3809e+04 1.4938e+04 1.1658e+04 1.3626e+04 1.1108e+04 1.5442e+04 1.2402e+04
  24.3750 1.2452e+04 1.0521e+04 1.4762e+04 1.0567e+04 1.4662e+04 1.2032e+04 1.3123e+04 1.4193e+04 1.1082e+04 1.2944e+04 1.0567e+04 1.4662e+04 1.1799e+04
  24.6250 1.1841e+04 1.0013e+04 1.4023e+04 1.0056e+04 1.3928e+04 1.1445e+04 1.2476e+04 1.3492e+04 1.0540e+04 1.2303e+04 1.0056e+04 1.3928e+04 1.1230e+04
  24.8750 1.1266e+04 9.5338e+03 1.3327e+04 9.5748e+03 1.3238e+04 1.0891e+04 1.1867e+04 1.2831e+04 1.0028e+04 1.1698e+04 9.5748e+03 1.3238e+04 1.0694e+04
  25.1250 1.0723e+04 9.0814e+03 1.2672e+04 9.1201e+03 1.2587e+04 1.0368e+04 1.1293e+04 1.2208e+04 9.5454e+03 1.1129e+04 9.1201e+03 1.2587e+04 1.0187e+04
  25.3750 1.0210e+04 8.6542e+03 1.2055e+04 8.6907e+03 1.1974e+04 9.8753e+03 1.0751e+04 1.1620e+04 9.0900e+03 1.0591e+04 8.6907e+03 1.1974e+04 9.7085e+03
  25.6250 9.7267e+03 8.2505e+03 1.1472e+04 8.2850e+03 1.1395e+04 9.4095e+03 1.0240e+04 1.1065e+04 8.6601e+03 1.0085e+04 8.2850e+03 1.1395e+04 9.2562e+03
  25.8750 9.2700e+03 7.8689e+03 1.0923e+04 7.9015e+03 1.0850e+04 8.9695e+03 9.7568e+03 1.0541e+04 8.2540e+03 9.6063e+03 7.9015e+03 1.0850e+04 8.8286e+03
  26.1250 8.8383e+03 7.5080e+03 1.0405e+04 7.5388e+03 1.0335e+04 8.5536e+03 9.3006e+03 1.0047e+04 7.8703e+03 9.1545e+03 7.5388e+03 1.0335e+04 8.4241e+03
  26.3750 8.4301e+03 7.1664e+03 9.9152e+03 7.1955e+03 9.8487e+03 8.1603e+03 8.8695e+03 9.5791e+03 7.5074e+03 8.7276e+03 7.1955e+03 9.8487e+03 8.0413e+03
  26.6250 8.0441e+03 6.8430e+03 9.4526e+03 6.8706e+03 9.3892e+03 7.7881e+03 8.4617e+03 9.1370e+03 7.1641e+03 8.3240e+03 6.8706e+03 9.3892e+03 7.6788e+03
  26.8750 7.6787e+03 6.5367e+03 9.0152e+03 6.5628e+03 8.9548e+03 7.4357e+03 8.0758e+03 8.7188e+03 6.8391e+03 7.9422e+03 6.5628e+03 8.9548e+03 7.3354e+03
  27.1250 7.3327e+03 6.2463e+03 8.6015e+03 6.2711e+03 8.5440e+03 7.1020e+03 7.7105e+03 8.3229e+03 6.5314e+03 7.5809e+03 6.2711e+03 8.5440e+03 7.0099e+03
  27.3750 7.0049e+03 5.9711e+03 8.2101e+03 5.9946e+03 8.1551e+03 6.7858e+03 7.3646e+03 7.9481e+03 6.2398e+03 7.2389e+03 5.9946e+03 8.1551e+03 6.7013e+03
  27.6250 6.6943e+03 5.7100e+03 7.8395e+03 5.7323e+03 7.7871e+03 6.4860e+03 7.0368e+03 7.5929e+03 5.9635e+03 6.9149e+03 5.7323e+03 7.7871e+03 6.4086e+03
  27.8750 6.3998e+03 5.4623e+03 7.4885e+03 5.4835e+03 7.4384e+03 6.2018e+03 6.7261e+03 7.2564e+03 5.7015e+03 6.6078e+03 5.4835e+03 7.4384e+03 6.1309e+03
  28.1250 6.1204e+03 5.2272e+03 7.1558e+03 5.2472e+03 7.1080e+03 5.9320e+03 6.4314e+03 6.9372e+03 5.4529e+03 6.3167e+03 5.2472e+03 7.1080e+03 5.8671e+03
  28.3750 5.8553e+03 5.0038e+03 6.8405e+03 5.0229e+03 6.7948e+03 5.6760e+03 6.1518e+03 6.6344e+03 5.2170e+03 6.0406e+03 5.0229e+03 6.7948e+03 5.6167e+03
  28.6250 5.6036e+03 4.7917e+03 6.5414e+03 4.8098e+03 6.4977e+03 5.4329e+03 5.8864e+03 6.3471e+03 4.9930e+03 5.7786e+03 4.8098e+03 6.4977e+03 5.3787e+03
  28.8750 5.3645e+03 4.5900e+03 6.2576e+03 4.6072e+03 6.2158e+03 5.2020e+03 5.6345e+03 6.0743e+03 4.7803e+03 5.5299e+03 4.6072e+03 6.2158e+03 5.1525e+03
  29.1250 5.1374e+03 4.3982e+03 5.9882e+03 4.4147e+03 5.9482e+03 4.9825e+03 5.3951e+03 5.8152e+03 4.5782e+03 5.2936e+03 4.4147e+03 5.9482e+03 4.9374e+03
  29.3750 4.9215e+03 4.2159e+03 5.7324e+03 4.2315e+03 5.6941e+03 4.7739e+03 5.1676e+03 5.5691e+03 4.3860e+03 5.0692e+03 4.2315e+03 5.6941e+03 4.7328e+03
  29.6250 4.7163e+03 4.0423e+03 5.4893e+03 4.0572e+03 5.4527e+03 4.5754e+03 4.9514e+03 5.3351e+03 4.2033e+03 4.8560e+03 4.0572e+03 5.4527e+03 4.5381e+03
  29.8750 4.5210e+03 3.8771e+03 5.2584e+03 3.8913e+03 5.2233e+03 4.3866e+03 4.7457e+03 5.1125e+03 4.0295e+03 4.6532e+03 3.8913e+03 5.2233e+03 4.3527e+03
  30.1250 4.3352e+03 3.7198e+03 5.0387e+03 3.7333e+03 5.0051e+03 4.2069e+03 4.5500e+03 4.9009e+03 3.8640e+03 4.4603e+03 3.7333e+03 5.0051e+03 4.1762e+03
  30.3750 4.1583e+03 3.5700e+03 4.8298e+03 3.5829e+03 4.7976e+03 4.0358e+03 4.3637e+03 4.6994e+03 3.7065e+03 4.2767e+03 3.5829e+03 4.7976e+03 4.0081e+03
  30.6250 3.9898e+03 3.4272e+03 4.6311e+03 3.4395e+03 4.6002e+03 3.8728e+03 4.1864e+03 4.5076e+03 3.5566e+03 4.1020e+03 3.4395e+03 4.6002e+03 3.8479e+03
  30.8750 3.8293e+03 3.2911e+03 4.4419e+03 3.3028e+03 4.4123e+03 3.7175e+03 4.0175e+03 4.3250e+03 3.4137e+03 3.9356e+03 3.3028e+03 4.4123e+03 3.6951e+03
  31.1250 3.6764e+03 3.1613e+03 4.2617e+03 3.1725e+03 4.2333e+03 3.5695e+03 3.8566e+03 4.1510e+03 3.2775e+03 3.7771e+03 3.1725e+03 4.2333e+03 3.5495e+03
  31.3750 3.5306e+03 3.0375e+03 4.0901e+03 3.0482e+03 4.0628e+03 3.4284e+03 3.7032e+03 3.9852e+03 3.1477e+03 3.6261e+03 3.0482e+03 4.0628e+03 3.4105e+03
  31.6250 3.3916e+03 2.9193e+03 3.9266e+03 2.9296e+03 3.9004e+03 3.2938e+03 3.5569e+03 3.8272e+03 3.0238e+03 3.4822e+03 2.9296e+03 3.9004e+03 3.2780e+03
  31.8750 3.2590e+03 2.8066e+03 3.7707e+03 2.8163e+03 3.7455e+03 3.1654e+03 3.4174e+03 3.6764e+03 2.9057e+03 3.3449e+03 2.8163e+03 3.7455e+03 3.1514e+03
  32.1250 3.1324e+03 2.6989e+03 3.6221e+03 2.7082e+03 3.5979e+03 3.0428e+03 3.2843e+03 3.5326e+03 2.7930e+03 3.2139e+03 2.7082e+03 3.5979e+03 3.0306e+03
  32.3750 3.0116e+03 2.5960e+03 3.4803e+03 2.6050e+03 3.4571e+03 2.9258e+03 3.1573e+03 3.3954e+03 2.6854e+03 3.0890e+03 2.6050e+03 3.4571e+03 2.9151e+03
  32.6250 2.8962e+03 2.4978e+03 3.3450e+03 2.5063e+03 3.3227e+03 2.8141e+03 3.0360e+03 3.2644e+03 2.5826e+03 2.9697e+03 2.5063e+03 3.3227e+03 2.8048e+03
  32.8750 2.7860e+03 2.4038e+03 3.2158e+03 2.4121e+03 3.1944e+03 2.7073e+03 2.9202e+03 3.1393e+03 2.4844e+03 2.8558e+03 2.4121e+03 3.1944e+03 2.6994e+03
  33.1250 2.6807e+03 2.3140e+03 3.0925e+03 2.3219e+03 3.0719e+03 2.6052e+03 2.8095e+03 3.0198e+03 2.3906e+03 2.7470e+03 2.3219e+03 3.0719e+03 2.5986e+03
  33.3750 2.5801e+03 2.2282e+03 2.9748e+03 2.2357e+03 2.9549e+03 2.5077e+03 2.7037e+03 2.9057e+03 2.3009e+03 2.6431e+03 2.2357e+03 2.9549e+03 2.5022e+03
  33.6250 2.4838e+03 2.1460e+03 2.8622e+03 2.1532e+03 2.8431e+03 2.4144e+03 2.6026e+03 2.7965e+03 2.2152e+03 2.5437e+03 2.1532e+03 2.8431e+03 2.4099e+03
  33.8750 2.3918e+03 2.0674e+03 2.7547e+03 2.0743e+03 2.7362e+03 2.3251e+03 2.5059e+03 2.6922e+03 2.1331e+03 2.4487e+03 2.0743e+03 2.7362e+03 2.3217e+03
  34.1250 2.3037e+03 1.9921e+03 2.6518e+03 1.9987e+03 2.6341e+03 2.2397e+03 2.4134e+03 2.5924e+03 2.0547e+03 2.3579e+03 1.9987e+03 2.6341e+03 2.2372e+03
  34.3750 2.2194e+03 1.9200e+03 2.5535e+03 1.9264e+03 2.5364e+03 2.1580e+03 2.3249e+03 2.4969e+03 1.9795e+03 2.2709e+03 1.9264e+03 2.5364e+03 2.1563e+03
  34.6250 2.1387e+03 1.8510e+03 2.4594e+03 1.8571e+03 2.4429e+03 2.0797e+03 2.2402e+03 2.4055e+03 1.9076e+03 2.1878e+03 1.8571e+03 2.4429e+03 2.0788e+03
  34.8750 2.0614e+03 1.7849e+03 2.3693e+03 1.7907e+03 2.3535e+03 2.0048e+03 2.1590e+03 2.3180e+03 1.8388e+03 2.1081e+03 1.7907e+03 2.3535e+03 2.0045e+03
  35.1250 1.9874e+03 1.7215e+03 2.2832e+03 1.7271e+03 2.2678e+03 1.9330e+03 2.0813e+03 2.2343e+03 1.7728e+03 2.0319e+03 1.7271e+03 2.2678e+03 1.9334e+03
  35.3750 1.9165e+03 1.6607e+03 2.2006e+03 1.6662e+03 2.1859e+03 1.8642e+03 2.0069e+03 2.1540e+03 1.7096e+03 1.9589e+03 1.6662e+03 2.1859e+03 1.8652e+03
  35.6250 1.8486e+03 1.6025e+03 2.1216e+03 1.6077e+03 2.1073e+03 1.7982e+03 1.9356e+03 2.0772e+03 1.6490e+03 1.8889e+03 1.6077e+03 2.1073e+03 1.7998e+03
  35.8750 1.7834e+03 1.5466e+03 2.0458e+03 1.5516e+03 2.0321e+03 1.7350e+03 1.8672e+03 2.0035e+03 1.5910e+03 1.8219e+03 1.5516e+03 2.0321e+03 1.7371e+03
  36.1250 1.7210e+03 1.4930e+03 1.9733e+03 1.4978e+03 1.9600e+03 1.6744e+03 1.8017e+03 1.9329e+03 1.5353e+03 1.7576e+03 1.4978e+03 1.9600e+03 1.6769e+03
  36.3750 1.6610e+03 1.4416e+03 1.9037e+03 1.4462e+03 1.8909e+03 1.6162e+03 1.7388e+03 1.8651e+03 1.4819e+03 1.6960e+03 1.4462e+03 1.8909e+03 1.6192e+03
  36.6250 1.6036e+03 1.3922e+03 1.8370e+03 1.3967e+03 1.8246e+03 1.5604e+03 1.6785e+03 1.8002e+03 1.4306e+03 1.6368e+03 1.3967e+03 1.8246e+03 1.5637e+03
  36.8750 1.5484e+03 1.3448e+03 1.7730e+03 1.3491e+03 1.7611e+03 1.5068e+03 1.6207e+03 1.7379e+03 1.3815e+03 1.5801e+03 1.3491e+03 1.7611e+03 1.5105e+03
  37.1250 1.4955e+03 1.2993e+03 1.7116e+03 1.3034e+03 1.7001e+03 1.4554e+03 1.5651e+03 1.6781e+03 1.3342e+03 1.5257e+03 1.3034e+03 1.7001e+03 1.4594e+03
  37.3750 1.4446e+03 1.2556e+03 1.6527e+03 1.2596e+03 1.6415e+03 1.4061e+03 1.5118e+03 1.6207e+03 1.2889e+03 1.4735e+03 1.2596e+03 1.6415e+03 1.4103e+03
  37.6250 1.3958e+03 1.2136e+03 1.5962e+03 1.2174e+03 1.5854e+03 1.3586e+03 1.4606e+03 1.5655e+03 1.2454e+03 1.4233e+03 1.2174e+03 1.5854e+03 1.3632e+03
  37.8750 1.3489e+03 1.1732e+03 1.5419e+03 1.1769e+03 1.5315e+03 1.3131e+03 1.4114e+03 1.5126e+03 1.2036e+03 1.3752e+03 1.1769e+03 1.5315e+03 1.3178e+03
  38.1250 1.3038e+03 1.1344e+03 1.4897e+03 1.1380e+03 1.4797e+03 1.2693e+03 1.3642e+03 1.4618e+03 1.1634e+03 1.3289e+03 1.1380e+03 1.4797e+03 1.2743e+03
  38.3750 1.2605e+03 1.0971e+03 1.4396e+03 1.1006e+03 1.4299e+03 1.2272e+03 1.3188e+03 1.4129e+03 1.1248e+03 1.2845e+03 1.1006e+03 1.4299e+03 1.2324e+03
  38.6250 1.2189e+03 1.0613e+03 1.3915e+03 1.0646e+03 1.3821e+03 1.1868e+03 1.2752e+03 1.3660e+03 1.0876e+03 1.2418e+03 1.0646e+03 1.3821e+03 1.1921e+03
  38.8750 1.1789e+03 1.0268e+03 1.3453e+03 1.0300e+03 1.3362e+03 1.1479e+03 1.2332e+03 1.3208e+03 1.0520e+03 1.2007e+03 1.0300e+03 1.3362e+03 1.1534e+03
  39.1250 1.1404e+03 9.9359e+02 1.3008e+03 9.9666e+02 1.2920e+03 1.1105e+03 1.1929e+03 1.2774e+03 1.0176e+03 1.1612e+03 9.9666e+02 1.2920e+03 1.1161e+03
  39.3750 1.1034e+03 9.6165e+02 1.2581e+03 9.6462e+02 1.2496e+03 1.0745e+03 1.1541e+03 1.2357e+03 9.8460e+02 1.1233e+03 9.6462e+02 1.2496e+03 1.0802e+03
  39.6250 1.0678e+03 9.3091e+02 1.2170e+03 9.3378e+02 1.2087e+03 1.0399e+03 1.1168e+03 1.1956e+03 9.5283e+02 1.0868e+03 9.3378e+02 1.2087e+03 1.0457e+03
  39.8750 1.0335e+03 9.0132e+02 1.1775e+03 9.0408e+02 1.1695e+03 1.0066e+03 1.0808e+03 1.1570e+03 9.2226e+02 1.0516e+03 9.0408e+02 1.1695e+03 1.0125e+03
  40.1250 1.0005e+03 8.7282e+02 1.1395e+03 8.7549e+02 1.1317e+03 9.7449e+02 1.0463e+03 1.1198e+03 8.9283e+02 1.0178e+03 8.7549e+02 1.1317e+03 9.8048e+02
  40.3750 9.6872e+02 8.4537e+02 1.1029e+03 8.4796e+02 1.0953e+03 9.4361e+02 1.0130e+03 1.0840e+03 8.6450e+02 9.8528e+02 8.4796e+02 1.0953e+03 9.4965e+02
  40.6250 9.3813e+02 8.1893e+02 1.0676e+03 8.2143e+02 1.0604e+03 9.1387e+02 9.8097e+02 1.0496e+03 8.3721e+02 9.5396e+02 8.2143e+02 1.0604e+03 9.1996e+02
  40.8750 9.0867e+02 7.9346e+02 1.0337e+03 7.9587e+02 1.0267e+03 8.8522e+02 9.5011e+02 1.0164e+03 8.1093e+02 9.2380e+02 7.9587e+02 1.0267e+03 8.9135e+02
  41.1250 8.8028e+02 7.6890e+02 1.0011e+03 7.7123e+02 9.9424e+02 8.5762e+02 9.2038e+02 9.8449e+02 7.8561e+02 8.9475e+02 7.7123e+02 9.9424e+02 8.6377e+02
  41.3750 8.5293e+02 7.4524e+02 9.6964e+02 7.4749e+02 9.6300e+02 8.3102e+02 8.9174e+02 9.5372e+02 7.6121e+02 8.6676e+02 7.4749e+02 9.6300e+02 8.3719e+02
  41.6250 8.2657e+02 7.2242e+02 9.3934e+02 7.2460e+02 9.3291e+02 8.0539e+02 8.6413e+02 9.2407e+02 7.3770e+02 8.3979e+02 7.2460e+02 9.3291e+02 8.1156e+02
  41.8750 8.0116e+02 7.0041e+02 9.1015e+02 7.0252e+02 9.0391e+02 7.8067e+02 8.3752e+02 8.9550e+02 7.1503e+02 8.1381e+02 7.0252e+02 9.0391e+02 7.8685e+02
  42.1250 7.7666e+02 6.7919e+02 8.8202e+02 6.8123e+02 8.7596e+02 7.5684e+02 8.1187e+02 8.6795e+02 6.9317e+02 7.8876e+02 6.8123e+02 8.7596e+02 7.6301e+02
  42.3750 7.5303e+02 6.5871e+02 8.5490e+02 6.6068e+02 8.4902e+02 7.3385e+02 7.8713e+02 8.4139e+02 6.7209e+02 7.6460e+02 6.6068e+02 8.4902e+02 7.4001e+02
  42.6250 7.3024e+02 6.3895e+02 8.2875e+02 6.4086e+02 8.2305e+02 7.1168e+02 7.6327e+02 8.1578e+02 6.5175e+02 7.4131e+02 6.4086e+02 8.2305e+02 7.1782e+02
  42.8750 7.0825e+02 6.1989e+02 8.0353e+02 6.2173e+02 7.9800e+02 6.9028e+02 7.4025e+02 7.9108e+02 6.3213e+02 7.1885e+02 6.2173e+02 7.9800e+02 6.9640e+02
  43.1250 6.8704e+02 6.0148e+02 7.7921e+02 6.0327e+02 7.7384e+02 6.6964e+02 7.1804e+02 7.6725e+02 6.1320e+02 6.9717e+02 6.0327e+02 7.7384e+02 6.7573e+02
  43.3750 6.6656e+02 5.8371e+02 7.5575e+02 5.8544e+02 7.5053e+02 6.4971e+02 6.9661e+02 7.4425e+02 5.9493e+02 6.7626e+02 5.8544e+02 7.5053e+02 6.5577e+02
  43.6250 6.4679e+02 5.6655e+02 7.3311e+02 5.6823e+02 7.2804e+02 6.3047e+02 6.7592e+02 7.2206e+02 5.7729e+02 6.5608e+02 5.6823e+02 7.2804e+02 6.3649e+02
  43.8750 6.2771e+02 5.4997e+02 7.1126e+02 5.5160e+02 7.0634e+02 6.1190e+02 6.5595e+02 7.0064e+02 5.6026e+02 6.3660e+02 5.5160e+02 7.0634e+02 6.1788e+02
  44.1250 6.0927e+02 5.3396e+02 6.9017e+02 5.3554e+02 6.8539e+02 5.9396e+02 6.3666e+02 6.7996e+02 5.4381e+02 6.1779e+02 5.3554e+02 6.8539e+02 5.9989e+02
  44.3750 5.9147e+02 5.1850e+02 6.6980e+02 5.2002e+02 6.6516e+02 5.7663e+02 6.1803e+02 6.5998e+02 5.2792e+02 5.9963e+02 5.2002e+02 6.6516e+02 5.8252e+02
  44.6250 5.7427e+02 5.0355e+02 6.5014e+02 5.0503e+02 6.4563e+02 5.5989e+02 6.0004e+02 6.4069e+02 5.1258e+02 5.8209e+02 5.0503e+02 6.4563e+02 5.6573e+02
  44.8750 5.5766e+02 4.8910e+02 6.3115e+02 4.9054e+02 6.2677e+02 5.4371e+02 5.8265e+02 6.2206e+02 4.9775e+02 5.6515e+02 4.9054e+02 6.2677e+02 5.4950e+02
  45.1250 5.4160e+02 4.7514e+02 6.1281e+02 4.7653e+02 6.0855e+02 5.2808e+02 5.6585e+02 6.0405e+02 4.8341e+02 5.4878e+02 4.7653e+02 6.0855e+02 5.3381e+02
  45.3750 5.2608e+02 4.6163e+02 5.9508e+02 4.6298e+02 5.9095e+02 5.1296e+02 5.4962e+02 5.8666e+02 4.6956e+02 5.3296e+02 4.6298e+02 5.9095e+02 5.1864e+02
  45.6250 5.1107e+02 4.4858e+02 5.7796e+02 4.4988e+02 5.7393e+02 4.9835e+02 5.3392e+02 5.6984e+02 4.5617e+02 5.1768e+02 4.4988e+02 5.7393e+02 5.0397e+02
  45.8750 4.9657e+02 4.3595e+02 5.6140e+02 4.3722e+02 5.5749e+02 4.8423e+02 5.1875e+02 5.5359e+02 4.4322e+02 5.0290e+02 4.3722e+02 5.5749e+02 4.8979e+02
  46.1250 4.8254e+02 4.2373e+02 5.4540e+02 4.2496e+02 5.4160e+02 4.7056e+02 5.0408e+02 5.3787e+02 4.3070e+02 4.8861e+02 4.2496e+02 5.4160e+02 4.7606e+02
  46.3750 4.6897e+02 4.1191e+02 5.2993e+02 4.1311e+02 5.2623e+02 4.5735e+02 4.8988e+02 5.2268e+02 4.1859e+02 4.7480e+02 4.1311e+02 5.2623e+02 4.6279e+02
  46.6250 4.5584e+02 4.0048e+02 5.1497e+02 4.0164e+02 5.1138e+02 4.4456e+02 4.7616e+02 5.0798e+02 4.0687e+02 4.6143e+02 4.0164e+02 5.1138e+02 4.4994e+02
  46.8750 4.4314e+02 3.8941e+02 5.0051e+02 3.9054e+02 4.9700e+02 4.3219e+02 4.6288e+02 4.9376e+02 3.9554e+02 4.4851e+02 3.9054e+02 4.9700e+02 4.3750e+02
  47.1250 4.3085e+02 3.7870e+02 4.8651e+02 3.7979e+02 4.8310e+02 4.2022e+02 4.5003e+02 4.8001e+02 3.8457e+02 4.3601e+02 3.7979e+02 4.8310e+02 4.2547e+02
  47.3750 4.1896e+02 3.6833e+02 4.7297e+02 3.6939e+02 4.6966e+02 4.0864e+02 4.3759e+02 4.6670e+02 3.7395e+02 4.2391e+02 3.6939e+02 4.6966e+02 4.1382e+02
  47.6250 4.0745e+02 3.5829e+02 4.5987e+02 3.5932e+02 4.5664e+02 3.9743e+02 4.2556e+02 4.5382e+02 3.6368e+02 4.1220e+02 3.5932e+02 4.5664e+02 4.0254e+02
  47.8750 3.9631e+02 3.4857e+02 4.4719e+02 3.4957e+02 4.4405e+02 3.8657e+02 4.1391e+02 4.4136e+02 3.5373e+02 4.0087e+02 3.4957e+02 4.4405e+02 3.9162e+02
  48.1250 3.8552e+02 3.3916e+02 4.3492e+02 3.4013e+02 4.3186e+02 3.7607e+02 4.0263e+02 4.2929e+02 3.4411e+02 3.8990e+02 3.4013e+02 4.3186e+02 3.8105e+02
  48.3750 3.7508e+02 3.3004e+02 4.2304e+02 3.3099e+02 4.2006e+02 3.6589e+02 3.9171e+02 4.1760e+02 3.3478e+02 3.7928e+02 3.3099e+02 4.2006e+02 3.7080e+02
  48.6250 3.6496e+02 3.2121e+02 4.1153e+02 3.2213e+02 4.0863e+02 3.5603e+02 3.8114e+02 4.0629e+02 3.2575e+02 3.6899e+02 3.2213e+02 4.0863e+02 3.6088e+02
  48.8750 3.5516e+02 3.1265e+02 4.0039e+02 3.1355e+02 3.9757e+02 3.4649e+02 3.7089e+02 3.9533e+02 3.1700e+02 3.5903e+02 3.1355e+02 3.9757e+02 3.5127e+02
  49.1250 3.4567e+02 3.0436e+02 3.8960e+02 3.0523e+02 3.8685e+02 3.3724e+02 3.6097e+02 3.8471e+02 3.0853e+02 3.4938e+02 3.0523e+02 3.8685e+02 3.4195e+02
  49.3750 3.3647e+02 2.9633e+02 3.7915e+02 2.9717e+02 3.7647e+02 3.2827e+02 3.5136e+02 3.7443e+02 3.0032e+02 3.4004e+02 2.9717e+02 3.7647e+02 3.3293e+02
  49.6250 3.2756e+02 2.8854e+02 3.6902e+02 2.8936e+02 3.6641e+02 3.1959e+02 3.4204e+02 3.6446e+02 2.9237e+02 3.3098e+02 2.8936e+02 3.6641e+02 3.2417e+02
  49.8750 3.1892e+02 2.8099e+02 3.5921e+02 2.8179e+02 3.5667e+02 3.1117e+02 3.3301e+02 3.5481e+02 2.8465e+02 3.2220e+02 2.8179e+02 3.5667e+02 3.1569e+02
  50.1250 3.1055e+02 2.7366e+02 3.4970e+02 2.7444e+02 3.4723e+02 3.0301e+02 3.2425e+02 3.4545e+02 2.7718e+02 3.1369e+02 2.7444e+02 3.4723e+02 3.0746e+02

