20
22
23
32
40
42
61
62
63
68
70
71
84
86
88
108
110
116
118
119
140
142
180
182
183
188
190
196
200
211
215
224
232
239
260
262
263
280
292
293
295
296
297
299
307
311
320
335
343
345
359
360
364
365
375
387
394
395
413
415
419
427
439
442
443
465
467
488
489
490
491
504
505
507
512
513
515
528
532
533
535
556
557
558
559
588
589
590
591
596
598
599
608
616
618
619
630
640
642
644
646
647
660
662
668
670
671
684
686
691
712
714
732
733
734
735
736
738
740
742
744
746
756
758
760
762
764
830
834
835
836
839
858
860
862
864
865
866
879
887
892
893
895
920
921
933
935
936
937
941
943
961
964
967
969
971
983
984
989
991
992
993
995
1006
1009
1019
1032
1035
1036
1037
1039
1041
1043
1051
1053
1056
1057
1059
1061
1062
1063
1064
1065
1066
1067
1070
1071
1080
1081
1083
1084
1085
1087
1088
1089
1090
1091
1104
1105
1107
1108
1109
1111
1112
1113
1114
1115
1128
1129
1131
1132
1133
1134
1135
1136
1137
1138
1139
1459
1462
1544
1545
1547
1619
1681
1683
1687
1695
1747
1875
1971
2004
2015
2220
2280
2282
2655
2891
2892
2893
2894
2895
2902
2927
2960
2964
2993
2995
3023
3047
3082
3095
3124
3126
3137
3138
3139
3160
3180
3182
3183
3208
3209
3210
3211
3232
3254
3515
3520
3533
3535
3605
3607
3619
3633
3635
3645
3647
3668
3670
3671
3748
3760
3762
3791
3808
4080
4290
4291
4404
4623
4633
4635
4637
4638
4639
4704
4705
4719
4728
4729
4731
4743
4753
4754
4755
4788
4795
4828
4886
4897
4899
4905
4907
4910
4912
4913
4914
4915
4918
4919
4979
