# Job started on: Mon Nov 14 23:30:39 CET 2016 .....
# FONLL heavy quark hadroproduction cross section, calculated on Mon Nov 14 23:31:28 CET 2016
# FONLL version and perturbative order: ## FONLL v1.3.2 fonll [ds/dpt^2dy (pb/GeV^2)]
# quark = charm
# final state = meson (meson = D0). NP params (cm,lm,hm) = 0.1, 0.06, 0.135
# BR(q->meson) = 1
# ebeam1 = 3500, ebeam2 = 3500
# PDF set = CTEQ6.6
# ptmin = 0.25
# ptmax = 49.75
# etamin = -1
# etamax = 1
# Uncertainties from scales, masses, PDFs combined quadratically
# cross section is ds/dpt (pb/GeV)
# pt      central      min       max       min_sc     max_sc     min_mass   max_mass     min_pdf    max_pdf
   0.2500 2.4610e+07 7.5090e+06 8.3019e+07 1.2507e+07 8.1906e+07 2.0471e+07 2.4610e+07 1.3260e+07 3.5961e+07
   0.7500 1.6344e+08 2.5942e+07 4.5522e+08 4.3390e+07 4.4804e+08 1.2663e+08 1.9507e+08 1.0742e+08 2.1946e+08
   1.2500 2.9301e+08 2.3960e+07 7.3795e+08 4.6839e+07 7.1816e+08 2.1375e+08 4.0125e+08 2.1882e+08 3.6721e+08
   1.7500 3.0430e+08 3.1332e+07 7.0131e+08 5.0404e+07 6.7977e+08 2.2472e+08 4.1798e+08 2.4335e+08 3.6525e+08
   2.2500 2.4688e+08 5.2862e+07 5.2603e+08 6.6753e+07 5.0999e+08 1.8794e+08 3.3038e+08 2.0538e+08 2.8838e+08
   2.7500 1.8113e+08 5.7610e+07 3.6145e+08 6.7054e+07 3.5086e+08 1.4196e+08 2.3587e+08 1.5449e+08 2.0777e+08
   3.2500 1.2815e+08 5.1012e+07 2.4222e+08 5.7273e+07 2.3542e+08 1.0288e+08 1.6305e+08 1.1118e+08 1.4512e+08
   3.7500 8.9780e+07 4.1660e+07 1.6215e+08 4.5834e+07 1.5776e+08 7.3506e+07 1.1206e+08 7.8850e+07 1.0071e+08
   4.2500 6.3103e+07 3.2828e+07 1.0960e+08 3.5642e+07 1.0675e+08 5.2563e+07 7.7428e+07 5.5936e+07 7.0270e+07
   4.7500 4.4829e+07 2.5441e+07 7.5258e+07 2.7361e+07 7.3396e+07 3.7923e+07 5.4145e+07 4.0024e+07 4.9635e+07
   5.2500 3.2311e+07 1.9652e+07 5.2642e+07 2.0991e+07 5.1402e+07 2.7703e+07 3.8479e+07 2.9017e+07 3.5606e+07
   5.7500 2.3634e+07 1.5189e+07 3.7499e+07 1.6137e+07 3.6657e+07 2.0504e+07 2.7795e+07 2.1326e+07 2.5941e+07
   6.2500 1.7532e+07 1.1787e+07 2.7177e+07 1.2472e+07 2.6593e+07 1.5368e+07 2.0397e+07 1.5884e+07 1.9181e+07
   6.7500 1.3181e+07 9.0743e+06 2.0001e+07 9.5593e+06 1.9588e+07 1.1661e+07 1.5188e+07 1.1983e+07 1.4380e+07
   7.2500 1.0034e+07 7.0177e+06 1.4937e+07 7.3624e+06 1.4640e+07 8.9495e+06 1.1462e+07 9.1484e+06 1.0920e+07
   7.7500 7.7267e+06 5.4814e+06 1.1308e+07 5.7302e+06 1.1092e+07 6.9427e+06 8.7592e+06 7.0627e+06 8.3907e+06
   8.2500 6.0152e+06 4.3225e+06 8.6688e+06 4.5050e+06 8.5080e+06 5.4410e+06 6.7721e+06 5.5107e+06 6.5198e+06
   8.7500 4.7313e+06 3.4395e+06 6.7221e+06 3.5753e+06 6.6011e+06 4.3053e+06 5.2938e+06 4.3429e+06 5.1197e+06
   9.2500 3.7568e+06 2.7600e+06 5.2680e+06 2.8624e+06 5.1756e+06 3.4370e+06 4.1802e+06 3.4544e+06 4.0591e+06
   9.7500 3.0091e+06 2.2323e+06 4.1691e+06 2.3105e+06 4.0977e+06 2.7665e+06 3.3316e+06 2.7714e+06 3.2468e+06
  10.2500 2.4304e+06 1.8191e+06 3.3297e+06 1.8795e+06 3.2739e+06 2.2443e+06 2.6788e+06 2.2417e+06 2.6190e+06
  10.7500 1.9784e+06 1.4928e+06 2.6824e+06 1.5400e+06 2.6382e+06 1.8343e+06 2.1718e+06 1.8272e+06 2.1294e+06
  11.2500 1.6221e+06 1.2331e+06 2.1785e+06 1.2704e+06 2.1432e+06 1.5094e+06 1.7742e+06 1.4999e+06 1.7441e+06
  11.7500 1.3389e+06 1.0248e+06 1.7830e+06 1.0546e+06 1.7546e+06 1.2500e+06 1.4596e+06 1.2394e+06 1.4383e+06
  12.2500 1.1121e+06 8.5678e+05 1.4697e+06 8.8073e+05 1.4466e+06 1.0414e+06 1.2087e+06 1.0304e+06 1.1938e+06
  12.7500 9.2928e+05 7.2026e+05 1.2190e+06 7.3971e+05 1.2000e+06 8.7260e+05 1.0073e+06 8.6191e+05 9.9678e+05
  13.2500 7.8096e+05 6.0866e+05 1.0171e+06 6.2457e+05 1.0014e+06 7.3517e+05 8.4439e+05 7.2499e+05 8.3703e+05
  13.7500 6.5981e+05 5.1688e+05 8.5343e+05 5.2999e+05 8.4035e+05 6.2256e+05 7.1177e+05 6.1303e+05 7.0664e+05
  14.2500 5.6024e+05 4.4098e+05 7.2009e+05 4.5186e+05 7.0913e+05 5.2974e+05 6.0310e+05 5.2093e+05 5.9957e+05
  14.7500 4.7795e+05 3.7789e+05 6.1079e+05 3.8697e+05 6.0156e+05 4.5281e+05 5.1352e+05 4.4474e+05 5.1114e+05
  15.2500 4.0956e+05 3.2519e+05 5.2055e+05 3.3282e+05 5.1273e+05 3.8872e+05 4.3926e+05 3.8136e+05 4.3771e+05
  15.7500 3.5243e+05 2.8095e+05 4.4563e+05 2.8740e+05 4.3896e+05 3.3506e+05 3.7736e+05 3.2839e+05 3.7643e+05
  16.2500 3.0448e+05 2.4365e+05 3.8312e+05 2.4912e+05 3.7741e+05 2.8991e+05 3.2553e+05 2.8389e+05 3.2503e+05
  16.7500 2.6404e+05 2.1205e+05 3.3072e+05 2.1672e+05 3.2580e+05 2.5177e+05 2.8190e+05 2.4634e+05 2.8172e+05
  17.2500 2.2980e+05 1.8517e+05 2.8660e+05 1.8918e+05 2.8235e+05 2.1941e+05 2.4502e+05 2.1452e+05 2.4508e+05
  17.7500 2.0068e+05 1.6223e+05 2.4929e+05 1.6568e+05 2.4559e+05 1.9184e+05 2.1372e+05 1.8744e+05 2.1393e+05
  18.2500 1.7582e+05 1.4257e+05 2.1758e+05 1.4555e+05 2.1436e+05 1.6827e+05 1.8704e+05 1.6431e+05 1.8736e+05
  18.7500 1.5452e+05 1.2566e+05 1.9054e+05 1.2826e+05 1.8772e+05 1.4804e+05 1.6420e+05 1.4448e+05 1.6459e+05
  19.2500 1.3620e+05 1.1108e+05 1.6737e+05 1.1333e+05 1.6490e+05 1.3062e+05 1.4460e+05 1.2742e+05 1.4501e+05
  19.7500 1.2040e+05 9.8448e+04 1.4746e+05 1.0042e+05 1.4528e+05 1.1557e+05 1.2771e+05 1.1269e+05 1.2813e+05
  20.2500 1.0672e+05 8.7479e+04 1.3029e+05 8.9210e+04 1.2837e+05 1.0252e+05 1.1310e+05 9.9934e+04 1.1352e+05
  20.7500 9.4841e+04 7.7923e+04 1.1544e+05 7.9446e+04 1.1374e+05 9.1187e+04 1.0043e+05 8.8851e+04 1.0084e+05
  21.2500 8.4498e+04 6.9574e+04 1.0254e+05 7.0919e+04 1.0103e+05 8.1305e+04 8.9414e+04 7.9194e+04 8.9804e+04
  21.7500 7.5463e+04 6.2260e+04 9.1320e+04 6.3450e+04 8.9972e+04 7.2664e+04 7.9798e+04 7.0753e+04 8.0167e+04
  22.2500 6.7543e+04 5.5837e+04 8.1518e+04 5.6894e+04 8.0314e+04 6.5082e+04 7.1377e+04 6.3352e+04 7.1725e+04
  22.7500 6.0583e+04 5.0182e+04 7.2935e+04 5.1122e+04 7.1858e+04 5.8413e+04 6.3984e+04 5.6847e+04 6.4310e+04
  23.2500 5.4452e+04 4.5190e+04 6.5400e+04 4.6029e+04 6.4433e+04 5.2533e+04 5.7478e+04 5.1114e+04 5.7782e+04
  23.7500 4.9039e+04 4.0774e+04 5.8767e+04 4.1524e+04 5.7897e+04 4.7337e+04 5.1737e+04 4.6051e+04 5.2020e+04
  24.2500 4.4249e+04 3.6859e+04 5.2914e+04 3.7530e+04 5.2130e+04 4.2736e+04 4.6661e+04 4.1569e+04 4.6924e+04
  24.7500 4.0001e+04 3.3379e+04 4.7737e+04 3.3981e+04 4.7029e+04 3.8653e+04 4.2162e+04 3.7594e+04 4.2405e+04
  25.2500 3.6226e+04 3.0280e+04 4.3147e+04 3.0822e+04 4.2506e+04 3.5022e+04 3.8167e+04 3.4059e+04 3.8391e+04
  25.7500 3.2865e+04 2.7515e+04 3.9069e+04 2.8003e+04 3.8488e+04 3.1788e+04 3.4612e+04 3.0911e+04 3.4818e+04
  26.2500 2.9867e+04 2.5043e+04 3.5438e+04 2.5483e+04 3.4910e+04 2.8900e+04 3.1442e+04 2.8102e+04 3.1632e+04
  26.7500 2.7185e+04 2.2828e+04 3.2198e+04 2.3226e+04 3.1719e+04 2.6317e+04 2.8608e+04 2.5588e+04 2.8782e+04
  27.2500 2.4783e+04 2.0840e+04 2.9302e+04 2.1200e+04 2.8866e+04 2.4000e+04 2.6071e+04 2.3335e+04 2.6231e+04
  27.7500 2.2627e+04 1.9053e+04 2.6708e+04 1.9380e+04 2.6310e+04 2.1920e+04 2.3794e+04 2.1312e+04 2.3941e+04
  28.2500 2.0688e+04 1.7444e+04 2.4381e+04 1.7740e+04 2.4018e+04 2.0049e+04 2.1748e+04 1.9493e+04 2.1883e+04
  28.7500 1.8942e+04 1.5992e+04 2.2289e+04 1.6262e+04 2.1957e+04 1.8362e+04 1.9906e+04 1.7854e+04 2.0030e+04
  29.2500 1.7366e+04 1.4680e+04 2.0405e+04 1.4926e+04 2.0101e+04 1.6840e+04 1.8245e+04 1.6374e+04 1.8358e+04
  29.7500 1.5943e+04 1.3493e+04 1.8706e+04 1.3718e+04 1.8427e+04 1.5465e+04 1.6744e+04 1.5037e+04 1.6849e+04
  30.2500 1.4655e+04 1.2418e+04 1.7171e+04 1.2623e+04 1.6915e+04 1.4219e+04 1.5387e+04 1.3826e+04 1.5483e+04
  30.7500 1.3488e+04 1.1442e+04 1.5782e+04 1.1629e+04 1.5547e+04 1.3090e+04 1.4157e+04 1.2729e+04 1.4246e+04
  31.2500 1.2428e+04 1.0555e+04 1.4524e+04 1.0727e+04 1.4307e+04 1.2065e+04 1.3042e+04 1.1733e+04 1.3123e+04
  31.7500 1.1465e+04 9.7473e+03 1.3381e+04 9.9050e+03 1.3182e+04 1.1133e+04 1.2028e+04 1.0828e+04 1.2103e+04
  32.2500 1.0589e+04 9.0115e+03 1.2343e+04 9.1564e+03 1.2160e+04 1.0284e+04 1.1106e+04 1.0003e+04 1.1174e+04
  32.7500 9.7900e+03 8.3402e+03 1.1398e+04 8.4733e+03 1.1229e+04 9.5104e+03 1.0266e+04 9.2513e+03 1.0328e+04
  33.2500 9.0611e+03 7.7267e+03 1.0538e+04 7.8493e+03 1.0381e+04 8.8041e+03 9.4993e+03 8.5651e+03 9.5569e+03
  33.7500 8.3951e+03 7.1656e+03 9.7523e+03 7.2785e+03 9.6074e+03 8.1586e+03 8.7992e+03 7.9380e+03 8.8521e+03
  34.2500 7.7858e+03 6.6517e+03 9.0348e+03 6.7558e+03 8.9007e+03 7.5680e+03 8.1590e+03 7.3640e+03 8.2074e+03
  34.7500 7.2277e+03 6.1805e+03 8.3785e+03 6.2766e+03 8.2542e+03 7.0268e+03 7.5728e+03 6.8382e+03 7.6172e+03
  35.2500 6.7160e+03 5.7480e+03 7.7776e+03 5.8368e+03 7.6622e+03 6.5305e+03 7.0354e+03 6.3559e+03 7.0761e+03
  35.7500 6.2463e+03 5.3505e+03 7.2266e+03 5.4327e+03 7.1194e+03 6.0748e+03 6.5422e+03 5.9131e+03 6.5795e+03
  36.2500 5.8146e+03 4.9850e+03 6.7208e+03 5.0610e+03 6.6212e+03 5.6559e+03 6.0892e+03 5.5060e+03 6.1232e+03
  36.7500 5.4176e+03 4.6483e+03 6.2561e+03 4.7188e+03 6.1634e+03 5.2705e+03 5.6724e+03 5.1314e+03 5.7037e+03
  37.2500 5.0519e+03 4.3381e+03 5.8286e+03 4.4035e+03 5.7423e+03 4.9155e+03 5.2888e+03 4.7864e+03 5.3174e+03
  37.7500 4.7148e+03 4.0519e+03 5.4349e+03 4.1126e+03 5.3545e+03 4.5882e+03 4.9352e+03 4.4683e+03 4.9613e+03
  38.2500 4.4038e+03 3.7876e+03 5.0720e+03 3.8440e+03 4.9970e+03 4.2861e+03 4.6090e+03 4.1747e+03 4.6329e+03
  38.7500 4.1165e+03 3.5433e+03 4.7372e+03 3.5958e+03 4.6672e+03 4.0071e+03 4.3078e+03 3.9034e+03 4.3296e+03
  39.2500 3.8510e+03 3.3172e+03 4.4280e+03 3.3661e+03 4.3626e+03 3.7491e+03 4.0294e+03 3.6526e+03 4.0494e+03
  39.7500 3.6053e+03 3.1079e+03 4.1422e+03 3.1533e+03 4.0810e+03 3.5104e+03 3.7719e+03 3.4204e+03 3.7901e+03
  40.2500 3.3777e+03 2.9138e+03 3.8778e+03 2.9562e+03 3.8206e+03 3.2892e+03 3.5334e+03 3.2054e+03 3.5501e+03
  40.7500 3.1668e+03 2.7337e+03 3.6329e+03 2.7732e+03 3.5793e+03 3.0842e+03 3.3124e+03 3.0060e+03 3.3277e+03
  41.2500 2.9711e+03 2.5665e+03 3.4060e+03 2.6034e+03 3.3558e+03 2.8940e+03 3.1074e+03 2.8210e+03 3.1213e+03
  41.7500 2.7895e+03 2.4111e+03 3.1955e+03 2.4456e+03 3.1484e+03 2.7174e+03 2.9171e+03 2.6492e+03 2.9299e+03
  42.2500 2.6207e+03 2.2666e+03 3.0000e+03 2.2989e+03 2.9559e+03 2.5532e+03 2.7403e+03 2.4894e+03 2.7520e+03
  42.7500 2.4637e+03 2.1322e+03 2.8184e+03 2.1623e+03 2.7770e+03 2.4005e+03 2.5759e+03 2.3409e+03 2.5866e+03
  43.2500 2.3176e+03 2.0069e+03 2.6496e+03 2.0351e+03 2.6106e+03 2.2584e+03 2.4229e+03 2.2026e+03 2.4327e+03
  43.7500 2.1815e+03 1.8902e+03 2.4924e+03 1.9166e+03 2.4558e+03 2.1260e+03 2.2804e+03 2.0738e+03 2.2893e+03
  44.2500 2.0547e+03 1.7813e+03 2.3460e+03 1.8061e+03 2.3116e+03 2.0026e+03 2.1477e+03 1.9537e+03 2.1558e+03
  44.7500 1.9364e+03 1.6797e+03 2.2096e+03 1.7029e+03 2.1772e+03 1.8875e+03 2.0238e+03 1.8416e+03 2.0313e+03
  45.2500 1.8260e+03 1.5848e+03 2.0824e+03 1.6066e+03 2.0519e+03 1.7800e+03 1.9083e+03 1.7370e+03 1.9150e+03
  45.7500 1.7228e+03 1.4961e+03 1.9636e+03 1.5166e+03 1.9348e+03 1.6797e+03 1.8003e+03 1.6392e+03 1.8065e+03
  46.2500 1.6264e+03 1.4132e+03 1.8526e+03 1.4324e+03 1.8255e+03 1.5858e+03 1.6995e+03 1.5478e+03 1.7051e+03
  46.7500 1.5362e+03 1.3356e+03 1.7489e+03 1.3536e+03 1.7234e+03 1.4980e+03 1.6052e+03 1.4624e+03 1.6102e+03
  47.2500 1.4518e+03 1.2629e+03 1.6519e+03 1.2799e+03 1.6278e+03 1.4158e+03 1.5169e+03 1.3823e+03 1.5214e+03
  47.7500 1.3728e+03 1.1948e+03 1.5611e+03 1.2108e+03 1.5384e+03 1.3389e+03 1.4342e+03 1.3074e+03 1.4383e+03
  48.2500 1.2988e+03 1.1309e+03 1.4761e+03 1.1460e+03 1.4546e+03 1.2667e+03 1.3567e+03 1.2371e+03 1.3605e+03
  48.7500 1.2293e+03 1.0710e+03 1.3965e+03 1.0852e+03 1.3762e+03 1.1991e+03 1.2841e+03 1.1712e+03 1.2875e+03
  49.2500 1.1642e+03 1.0147e+03 1.3218e+03 1.0281e+03 1.3026e+03 1.1357e+03 1.2160e+03 1.1094e+03 1.2190e+03
  49.7500 1.1030e+03 9.6186e+02 1.2518e+03 9.7447e+02 1.2336e+03 1.0761e+03 1.1520e+03 1.0513e+03 1.1548e+03